creature
gravity -80.0
springDampeningConst -0.3
viscousDampeningConst 1.0
floorFriction 0.5
ballRadius 10.0
massBall 200.0 200.0 25.0
massBall 200.0 150.0 25.0
massBall 235.36 164.64 25.0
massBall 250.0 200.0 25.0
massBall 235.36 235.36 25.0
massBall 200.0 250.0 25.0
massBall 164.64 235.36 25.0
massBall 150.0 200.0 25.0
massBall 164.64 164.64 25.0
spring 51.0 50.0 0.9113036 10.725045 1 0
spring 51.0 50.0 0.6777146 16.151745 2 0
spring 51.0 50.0 0.4936834 4.7294106 3 0
spring 51.0 50.0 0.3512385 1.2424855 4 0
spring 51.0 50.0 1.0713574 2.6765747 5 0
spring 51.0 50.0 0.7564541 3.2310405 6 0
spring 51.0 50.0 0.21434143 10.018959 7 0
spring 51.0 50.0 -0.12046618 8.730989 8 0
spring 80.0 38.27 0.036649726 -15.377573 2 1
spring 80.0 38.27 0.24499579 4.91969 3 2
spring 80.0 38.27 -0.014992215 8.874178 4 3
spring 80.0 38.27 -0.24566987 -2.4921293 5 4
spring 80.0 38.27 0.04978308 -4.586236 6 5
spring 80.0 38.27 0.0 -13.376216 7 6
spring 80.0 38.27 0.10480057 -4.4912295 8 7
spring 80.0 38.27 0.04708994 -3.1643138 1 8
createCreature
