creature
gravity -80.0
springDampeningConst -0.3
viscousDampeningConst 1.0
floorFriction 0.5
ballRadius 10.0
massBall 200.0 200.0 25.0
massBall 200.0 150.0 25.0
massBall 235.36 164.64 25.0
massBall 250.0 200.0 25.0
massBall 235.36 235.36 25.0
massBall 200.0 250.0 25.0
massBall 164.64 235.36 25.0
massBall 150.0 200.0 25.0
massBall 164.64 164.64 25.0
spring 51.0 50.0 1.3881794 6.9199786 1 0
spring 51.0 50.0 0.5315009 -0.87730503 2 0
spring 51.0 50.0 0.40336168 -9.870588 3 0
spring 51.0 50.0 0.013524052 13.951981 4 0
spring 51.0 50.0 1.2814748 13.645588 5 0
spring 51.0 50.0 0.7474242 1.3077865 6 0
spring 51.0 50.0 0.0577304 5.526944 7 0
spring 51.0 50.0 0.1676078 -9.137547 8 0
spring 80.0 38.27 0.11486649 0.86989236 2 1
spring 80.0 38.27 -0.40061387 1.1752834 3 2
spring 80.0 38.27 -0.018004216 -7.8365746 4 3
spring 80.0 38.27 -0.12074204 15.085118 5 4
spring 80.0 38.27 -0.032804884 7.900126 6 5
spring 80.0 38.27 -0.014513377 -5.6503224 7 6
spring 80.0 38.27 0.16394296 -5.1255474 8 7
spring 80.0 38.27 -0.046325423 12.559578 1 8
createCreature
