creature
gravity -80.0
springDampeningConst -0.3
viscousDampeningConst 1.0
floorFriction 0.5
ballRadius 10.0
massBall 200.0 200.0 25.0
massBall 200.0 150.0 25.0
massBall 235.36 164.64 25.0
massBall 250.0 200.0 25.0
massBall 235.36 235.36 25.0
massBall 200.0 250.0 25.0
massBall 164.64 235.36 25.0
massBall 150.0 200.0 25.0
massBall 164.64 164.64 25.0
spring 51.0 50.0 0.9790821 18.428043 0 1
spring 51.0 50.0 0.8833027 -6.1228933 0 2
spring 51.0 50.0 0.41183576 11.402163 0 3
spring 51.0 50.0 0.69948876 3.0159771 0 4
spring 51.0 50.0 1.0464144 10.273577 0 5
spring 51.0 50.0 0.8818659 12.554766 0 6
spring 51.0 50.0 0.4430513 2.5074944 0 7
spring 51.0 50.0 -0.040034063 -1.043391 0 8
spring 80.0 38.27 0.0815544 4.383639 1 2
spring 80.0 38.27 -0.19995758 1.6966138 2 3
spring 80.0 38.27 -0.14277437 -1.4088073 3 4
spring 80.0 38.27 0.011774309 2.946867 4 5
spring 80.0 38.27 0.05407617 -1.4238093 5 6
spring 80.0 38.27 -0.07710673 4.6827874 6 7
spring 80.0 38.27 0.040968113 1.4777725 7 8
spring 80.0 38.27 0.13912737 1.7261677 8 1
createCreature
