creature
gravity -80.0
springDampeningConst -0.3
viscousDampeningConst 1.0
floorFriction 0.5
ballRadius 10.0
massBall 200.0 200.0 25.0
massBall 200.0 150.0 25.0
massBall 235.36 164.64 25.0
massBall 250.0 200.0 25.0
massBall 235.36 235.36 25.0
massBall 200.0 250.0 25.0
massBall 164.64 235.36 25.0
massBall 150.0 200.0 25.0
massBall 164.64 164.64 25.0
spring 51.0 50.0 1.3881794 8.083193 0 1
spring 51.0 50.0 0.5694909 -0.87730503 0 2
spring 51.0 50.0 0.3810576 -9.870588 0 3
spring 51.0 50.0 0.013524052 18.283175 0 4
spring 51.0 50.0 1.2814748 10.153244 0 5
spring 51.0 50.0 0.7474242 -2.0149765 0 6
spring 51.0 50.0 0.11472115 5.526944 0 7
spring 51.0 50.0 0.13073894 -9.137547 0 8
spring 80.0 38.27 0.11486649 3.7857153 1 2
spring 80.0 38.27 -0.31469354 1.1752834 2 3
spring 80.0 38.27 -0.018004216 -5.4912944 3 4
spring 80.0 38.27 -0.12074204 11.382027 4 5
spring 80.0 38.27 0.025705203 7.900126 5 6
spring 80.0 38.27 -0.022487547 -5.6503224 6 7
spring 80.0 38.27 0.16394296 -3.5029583 7 8
spring 80.0 38.27 -0.020373374 12.559578 8 1
createCreature
