creature
gravity -80.0
springDampeningConst -0.3
viscousDampeningConst 1.0
floorFriction 0.5
ballRadius 10.0
massBall 200.0 200.0 25.0
massBall 200.0 150.0 25.0
massBall 235.36 164.64 25.0
massBall 250.0 200.0 25.0
massBall 235.36 235.36 25.0
massBall 200.0 250.0 25.0
massBall 164.64 235.36 25.0
massBall 150.0 200.0 25.0
massBall 164.64 164.64 25.0
spring 51.0 50.0 1.395643 8.490428 0 1
spring 51.0 50.0 0.613545 -5.2261524 0 2
spring 51.0 50.0 0.4069336 -9.870588 0 3
spring 51.0 50.0 0.019441422 13.37789 0 4
spring 51.0 50.0 1.3573508 12.653948 0 5
spring 51.0 50.0 0.7474242 -2.857789 0 6
spring 51.0 50.0 0.11472115 4.5075397 0 7
spring 51.0 50.0 0.13073894 -9.747003 0 8
spring 80.0 38.27 0.17837301 3.7857153 1 2
spring 80.0 38.27 -0.31539303 3.0960464 2 3
spring 80.0 38.27 -0.044093885 -10.464945 3 4
spring 80.0 38.27 -0.097621836 15.73572 4 5
spring 80.0 38.27 0.025705203 7.66011 5 6
spring 80.0 38.27 0.059581798 -2.9478664 6 7
spring 80.0 38.27 0.12620613 -2.004912 7 8
spring 80.0 38.27 -0.0576517 12.559578 8 1
createCreature
