creature
gravity -80.0
springDampeningConst -0.3
viscousDampeningConst 1.0
floorFriction 0.5
ballRadius 10.0
massBall 200.0 200.0 25.0
massBall 200.0 150.0 25.0
massBall 235.36 164.64 25.0
massBall 250.0 200.0 25.0
massBall 235.36 235.36 25.0
massBall 200.0 250.0 25.0
massBall 164.64 235.36 25.0
massBall 150.0 200.0 25.0
massBall 164.64 164.64 25.0
spring 51.0 50.0 1.3930722 8.490428 1 0
spring 51.0 50.0 0.613545 -5.999095 2 0
spring 51.0 50.0 0.43640894 -9.870588 3 0
spring 51.0 50.0 0.040046547 13.37789 4 0
spring 51.0 50.0 1.3573508 15.923823 5 0
spring 51.0 50.0 0.6971743 -2.857789 6 0
spring 51.0 50.0 0.11472115 9.37945 7 0
spring 51.0 50.0 0.18031234 -9.747003 8 0
spring 80.0 38.27 0.17837301 4.334112 2 1
spring 80.0 38.27 -0.3093648 3.0960464 3 2
spring 80.0 38.27 -0.11180671 -10.464945 4 3
spring 80.0 38.27 -0.11344445 15.73572 5 4
spring 80.0 38.27 0.025705203 8.243135 6 5
spring 80.0 38.27 0.02233291 -2.9478664 7 6
spring 80.0 38.27 0.092296675 -2.004912 8 7
spring 80.0 38.27 -0.014499404 12.559578 1 8
createCreature
