creature
gravity -80.0
springDampeningConst -0.3
viscousDampeningConst 1.0
floorFriction 0.5
ballRadius 10.0
massBall 200.0 200.0 25.0
massBall 200.0 150.0 25.0
massBall 235.36 164.64 25.0
massBall 250.0 200.0 25.0
massBall 235.36 235.36 25.0
massBall 200.0 250.0 25.0
massBall 164.64 235.36 25.0
massBall 150.0 200.0 25.0
massBall 164.64 164.64 25.0
spring 51.0 50.0 1.0407954 4.4634714 1 0
spring 51.0 50.0 0.74423015 10.462117 2 0
spring 51.0 50.0 0.5980385 -3.2539206 3 0
spring 51.0 50.0 0.42617267 5.041605 4 0
spring 51.0 50.0 1.0726196 8.111672 5 0
spring 51.0 50.0 0.76091015 4.799688 6 0
spring 51.0 50.0 0.21967262 13.258988 7 0
spring 51.0 50.0 0.07849076 0.6121659 8 0
spring 80.0 38.27 0.1170906 -4.580412 2 1
spring 80.0 38.27 -0.05465059 -5.198768 3 2
spring 80.0 38.27 0.07625102 1.2398324 4 3
spring 80.0 38.27 0.06965585 4.840723 5 4
spring 80.0 38.27 0.055011414 5.2143607 6 5
spring 80.0 38.27 0.09914576 -2.9795718 7 6
spring 80.0 38.27 0.2544052 4.1821756 8 7
spring 80.0 38.27 0.104340464 3.2961895 1 8
createCreature
