creature
gravity -80.0
springDampeningConst -0.3
viscousDampeningConst 1.0
floorFriction 0.5
ballRadius 10.0
massBall 200.0 200.0 25.0
massBall 200.0 150.0 25.0
massBall 235.36 164.64 25.0
massBall 250.0 200.0 25.0
massBall 235.36 235.36 25.0
massBall 200.0 250.0 25.0
massBall 164.64 235.36 25.0
massBall 150.0 200.0 25.0
massBall 164.64 164.64 25.0
spring 51.0 50.0 1.2033782 8.678522 1 0
spring 51.0 50.0 0.4824086 -5.2023478 2 0
spring 51.0 50.0 0.43172795 -5.556748 3 0
spring 51.0 50.0 0.27433878 17.110245 4 0
spring 51.0 50.0 1.1592033 10.047745 5 0
spring 51.0 50.0 0.8040093 7.0165315 6 0
spring 51.0 50.0 0.106601804 3.1595602 7 0
spring 51.0 50.0 -0.034716718 3.436951 8 0
spring 80.0 38.27 0.08477341 -1.5995731 2 1
spring 80.0 38.27 -0.15336701 5.967506 3 2
spring 80.0 38.27 -0.06060587 -3.8927088 4 3
spring 80.0 38.27 0.046537876 3.045525 5 4
spring 80.0 38.27 -0.16039301 -5.3633575 6 5
spring 80.0 38.27 0.03938763 0.113478184 7 6
spring 80.0 38.27 0.1668724 -6.037985 8 7
spring 80.0 38.27 0.11851377 2.510687 1 8
createCreature
