creature
gravity -80.0
springDampeningConst -0.3
viscousDampeningConst 1.0
floorFriction 0.5
ballRadius 10.0
massBall 200.0 60.0 25.0
massBall 200.0 10.0 25.0
massBall 235.36 24.64 25.0
massBall 250.0 60.0 25.0
massBall 235.36 95.36 25.0
massBall 200.0 110.0 25.0
massBall 164.64 95.36 25.0
massBall 150.0 60.0 25.0
massBall 164.64 24.64 25.0
spring 51.0 50.0 1.0093312 5.0335402 1 0
spring 51.0 50.0 0.7266396 6.5412235 2 0
spring 51.0 50.0 0.719811 12.768776 3 0
spring 51.0 50.0 0.38337407 2.275641 4 0
spring 51.0 50.0 -0.035512313 0.20723963 5 0
spring 51.0 50.0 0.39461142 11.82793 6 0
spring 51.0 50.0 0.79221475 0.7746644 7 0
spring 51.0 50.0 1.0782954 -5.505741 8 0
spring 80.0 38.27 0.14759237 5.6274595 2 1
spring 80.0 38.27 0.035561852 1.0568211 3 2
spring 80.0 38.27 0.0024707913 -2.1531477 4 3
spring 80.0 38.27 0.058423817 -2.0313034 5 4
spring 80.0 38.27 0.063892044 -14.479301 6 5
spring 80.0 38.27 0.016121581 -9.209808 7 6
spring 80.0 38.27 0.06983553 1.8903623 8 7
spring 80.0 38.27 0.07498807 -4.0993743 1 8
createCreature
