creature
gravity -80.0
springDampeningConst -0.3
viscousDampeningConst 1.0
floorFriction 0.5
ballRadius 10.0
massBall 200.0 60.0 25.0
massBall 200.0 10.0 25.0
massBall 235.36 24.64 25.0
massBall 250.0 60.0 25.0
massBall 235.36 95.36 25.0
massBall 200.0 110.0 25.0
massBall 164.64 95.36 25.0
massBall 150.0 60.0 25.0
massBall 164.64 24.64 25.0
spring 51.0 50.0 0.9876119 5.0335402 1 0
spring 51.0 50.0 0.7266396 9.023886 2 0
spring 51.0 50.0 0.719811 13.6788025 3 0
spring 51.0 50.0 0.38337407 -0.41841984 4 0
spring 51.0 50.0 -0.035512313 0.49870586 5 0
spring 51.0 50.0 0.29976097 11.82793 6 0
spring 51.0 50.0 0.79221475 5.201733 7 0
spring 51.0 50.0 1.1330783 -5.505741 8 0
spring 80.0 38.27 0.21293873 5.6274595 2 1
spring 80.0 38.27 -0.061283916 1.0568211 3 2
spring 80.0 38.27 0.0024707913 -2.2218876 4 3
spring 80.0 38.27 0.058423817 -5.8337884 5 4
spring 80.0 38.27 0.063892044 -9.919688 6 5
spring 80.0 38.27 0.016121581 -5.2314167 7 6
spring 80.0 38.27 0.010278698 1.8903623 8 7
spring 80.0 38.27 0.07498807 -3.0064392 1 8
createCreature
