creature
gravity -80.0
springDampeningConst -0.3
viscousDampeningConst 1.0
floorFriction 0.5
ballRadius 10.0
massBall 200.0 60.0 25.0
massBall 200.0 10.0 25.0
massBall 235.36 24.64 25.0
massBall 250.0 60.0 25.0
massBall 235.36 95.36 25.0
massBall 200.0 110.0 25.0
massBall 164.64 95.36 25.0
massBall 150.0 60.0 25.0
massBall 164.64 24.64 25.0
spring 51.0 50.0 0.8960512 5.0335402 1 0
spring 51.0 50.0 0.7266396 9.911826 2 0
spring 51.0 50.0 0.719811 15.73029 3 0
spring 51.0 50.0 0.38337407 -1.3360615 4 0
spring 51.0 50.0 -0.035512313 4.5350094 5 0
spring 51.0 50.0 0.29976097 9.208446 6 0
spring 51.0 50.0 0.79221475 4.1850944 7 0
spring 51.0 50.0 1.1330783 -8.008564 8 0
spring 80.0 38.27 0.22964996 5.6274595 2 1
spring 80.0 38.27 -0.061283916 2.9983504 3 2
spring 80.0 38.27 -0.044648316 -2.2218876 4 3
spring 80.0 38.27 0.11046351 -5.8337884 5 4
spring 80.0 38.27 0.10930297 -9.919688 6 5
spring 80.0 38.27 0.016121581 -5.061238 7 6
spring 80.0 38.27 -0.0061732195 1.8903623 8 7
spring 80.0 38.27 0.07498807 1.32271 1 8
createCreature
