creature
gravity -80.0
springDampeningConst -0.3
viscousDampeningConst 1.0
floorFriction 0.5
ballRadius 10.0
massBall 200.0 200.0 25.0
massBall 200.0 150.0 25.0
massBall 235.36 164.64 25.0
massBall 250.0 200.0 25.0
massBall 235.36 235.36 25.0
massBall 200.0 250.0 25.0
massBall 164.64 235.36 25.0
massBall 150.0 200.0 25.0
massBall 164.64 164.64 25.0
spring 51.0 50.0 1.4004955 6.5014114 1 0
spring 51.0 50.0 0.5277542 0.2038145 2 0
spring 51.0 50.0 0.30962393 -4.066537 3 0
spring 51.0 50.0 0.1980783 11.191673 4 0
spring 51.0 50.0 1.2328974 17.803871 5 0
spring 51.0 50.0 0.7967092 1.1062112 6 0
spring 51.0 50.0 0.083472215 -0.061141968 7 0
spring 51.0 50.0 0.09668317 1.950264E-4 8 0
spring 80.0 38.27 0.057715833 -7.2575836 2 1
spring 80.0 38.27 -0.1587169 10.995184 3 2
spring 80.0 38.27 -0.09076458 -6.30989 4 3
spring 80.0 38.27 0.098828666 11.330746 5 4
spring 80.0 38.27 -0.21987456 3.77465 6 5
spring 80.0 38.27 -0.08065702 -0.8834214 7 6
spring 80.0 38.27 0.32593355 -5.1255474 8 7
spring 80.0 38.27 0.018042326 6.524417 1 8
createCreature
