creature
gravity -80.0
springDampeningConst -0.3
viscousDampeningConst 1.0
floorFriction 0.5
ballRadius 10.0
massBall 200.0 200.0 25.0
massBall 200.0 150.0 25.0
massBall 235.36 164.64 25.0
massBall 250.0 200.0 25.0
massBall 235.36 235.36 25.0
massBall 200.0 250.0 25.0
massBall 164.64 235.36 25.0
massBall 150.0 200.0 25.0
massBall 164.64 164.64 25.0
spring 51.0 50.0 1.4411324 6.5014114 0 1
spring 51.0 50.0 0.52182204 0.2038145 0 2
spring 51.0 50.0 0.30962393 -5.474814 0 3
spring 51.0 50.0 0.1590532 11.191673 0 4
spring 51.0 50.0 1.2835295 17.803871 0 5
spring 51.0 50.0 0.74941075 1.1062112 0 6
spring 51.0 50.0 0.083472215 3.1980877 0 7
spring 51.0 50.0 0.09668317 -4.4920344 0 8
spring 80.0 38.27 0.048584983 -7.2575836 1 2
spring 80.0 38.27 -0.1587169 6.153302 2 3
spring 80.0 38.27 -0.014363401 -6.30989 3 4
spring 80.0 38.27 0.057072226 11.330746 4 5
spring 80.0 38.27 -0.17448527 3.77465 5 6
spring 80.0 38.27 -0.08065702 -5.8333955 6 7
spring 80.0 38.27 0.27354208 -5.1255474 7 8
spring 80.0 38.27 -0.016551174 6.524417 8 1
createCreature
