creature
gravity -80.0
springDampeningConst -0.3
viscousDampeningConst 1.0
floorFriction 0.5
ballRadius 10.0
massBall 200.0 200.0 25.0
massBall 200.0 150.0 25.0
massBall 235.36 164.64 25.0
massBall 250.0 200.0 25.0
massBall 235.36 235.36 25.0
massBall 200.0 250.0 25.0
massBall 164.64 235.36 25.0
massBall 150.0 200.0 25.0
massBall 164.64 164.64 25.0
spring 51.0 50.0 1.3881794 6.5014114 1 0
spring 51.0 50.0 0.52182204 1.2399359 2 0
spring 51.0 50.0 0.30962393 -7.912278 3 0
spring 51.0 50.0 0.088291034 11.191673 4 0
spring 51.0 50.0 1.2835295 14.091907 5 0
spring 51.0 50.0 0.7433367 1.1062112 6 0
spring 51.0 50.0 0.083472215 -0.80367565 7 0
spring 51.0 50.0 0.09668317 -4.884071 8 0
spring 80.0 38.27 0.048584983 -2.2722006 2 1
spring 80.0 38.27 -0.25858247 6.153302 3 2
spring 80.0 38.27 0.023255378 -6.30989 4 3
spring 80.0 38.27 0.057072226 16.038868 5 4
spring 80.0 38.27 -0.09701901 3.77465 6 5
spring 80.0 38.27 -0.08065702 -5.6503224 7 6
spring 80.0 38.27 0.27860805 -5.1255474 8 7
spring 80.0 38.27 -0.016705155 6.524417 1 8
createCreature
