creature
gravity -80.0
springDampeningConst -0.3
viscousDampeningConst 1.0
floorFriction 0.5
ballRadius 10.0
massBall 200.0 200.0 25.0
massBall 200.0 150.0 25.0
massBall 235.36 164.64 25.0
massBall 250.0 200.0 25.0
massBall 235.36 235.36 25.0
massBall 200.0 250.0 25.0
massBall 164.64 235.36 25.0
massBall 150.0 200.0 25.0
massBall 164.64 164.64 25.0
spring 51.0 50.0 1.090794 3.7820952 0 1
spring 51.0 50.0 0.685201 11.518103 0 2
spring 51.0 50.0 0.44517502 6.02554 0 3
spring 51.0 50.0 0.30470243 8.0552635 0 4
spring 51.0 50.0 1.0188217 5.0 0 5
spring 51.0 50.0 0.7500412 -2.9597468 0 6
spring 51.0 50.0 0.09544008 12.706517 0 7
spring 51.0 50.0 0.039419122 3.3640485 0 8
spring 80.0 38.27 0.14447908 -11.898175 1 2
spring 80.0 38.27 0.10951146 1.7263327 2 3
spring 80.0 38.27 8.7830424E-4 4.668376 3 4
spring 80.0 38.27 -0.15343009 -4.613583 4 5
spring 80.0 38.27 0.03421001 -5.814796 5 6
spring 80.0 38.27 0.0 0.06840372 6 7
spring 80.0 38.27 -0.11294906 4.980862 7 8
spring 80.0 38.27 0.067506306 -4.043484 8 1
createCreature
