creature
gravity -80.0
springDampeningConst -0.3
viscousDampeningConst 1.0
floorFriction 0.5
ballRadius 10.0
massBall 200.0 200.0 25.0
massBall 200.0 150.0 25.0
massBall 235.36 164.64 25.0
massBall 250.0 200.0 25.0
massBall 235.36 235.36 25.0
massBall 200.0 250.0 25.0
massBall 164.64 235.36 25.0
massBall 150.0 200.0 25.0
massBall 164.64 164.64 25.0
spring 51.0 50.0 1.3881794 8.538184 0 1
spring 51.0 50.0 0.5315009 1.2399359 0 2
spring 51.0 50.0 0.30851108 -7.912278 0 3
spring 51.0 50.0 0.088291034 14.254265 0 4
spring 51.0 50.0 1.2890381 14.091907 0 5
spring 51.0 50.0 0.72476834 1.1062112 0 6
spring 51.0 50.0 0.083472215 1.4150424 0 7
spring 51.0 50.0 0.09668317 -9.077274 0 8
spring 80.0 38.27 0.05327186 -2.2722006 1 2
spring 80.0 38.27 -0.25858247 1.1752834 2 3
spring 80.0 38.27 0.023255378 -7.3204727 3 4
spring 80.0 38.27 0.013763692 16.038868 4 5
spring 80.0 38.27 -0.09701901 4.941008 5 6
spring 80.0 38.27 -0.005275123 -5.6503224 6 7
spring 80.0 38.27 0.23607926 -5.1255474 7 8
spring 80.0 38.27 -0.046325423 6.524417 8 1
createCreature
