creature
gravity -80.0
springDampeningConst -0.3
viscousDampeningConst 1.0
floorFriction 0.5
ballRadius 10.0
massBall 200.0 200.0 25.0
massBall 200.0 150.0 25.0
massBall 235.36 164.64 25.0
massBall 250.0 200.0 25.0
massBall 235.36 235.36 25.0
massBall 200.0 250.0 25.0
massBall 164.64 235.36 25.0
massBall 150.0 200.0 25.0
massBall 164.64 164.64 25.0
spring 51.0 50.0 1.3881794 6.973474 1 0
spring 51.0 50.0 0.5315009 -1.0137854 2 0
spring 51.0 50.0 0.30851108 -10.541347 3 0
spring 51.0 50.0 0.088291034 13.951981 4 0
spring 51.0 50.0 1.2890381 16.995178 5 0
spring 51.0 50.0 0.66758996 1.1062112 6 0
spring 51.0 50.0 0.083472215 4.868277 7 0
spring 51.0 50.0 0.09668317 -9.137547 8 0
spring 80.0 38.27 0.05327186 2.390439 2 1
spring 80.0 38.27 -0.33495623 1.1752834 3 2
spring 80.0 38.27 0.023255378 -7.8365746 4 3
spring 80.0 38.27 -0.082904875 16.038868 5 4
spring 80.0 38.27 -0.106456235 4.941008 6 5
spring 80.0 38.27 0.046106502 -5.6503224 7 6
spring 80.0 38.27 0.1981157 -5.1255474 8 7
spring 80.0 38.27 -0.046325423 5.3797884 1 8
createCreature
