creature
gravity -80.0
springDampeningConst -0.3
viscousDampeningConst 1.0
floorFriction 0.5
ballRadius 10.0
massBall 200.0 200.0 25.0
massBall 200.0 150.0 25.0
massBall 235.36 164.64 25.0
massBall 250.0 200.0 25.0
massBall 235.36 235.36 25.0
massBall 200.0 250.0 25.0
massBall 164.64 235.36 25.0
massBall 150.0 200.0 25.0
massBall 164.64 164.64 25.0
spring 51.0 50.0 1.3881794 8.384205 0 1
spring 51.0 50.0 0.5315009 -5.619034 0 2
spring 51.0 50.0 0.30851108 -9.870588 0 3
spring 51.0 50.0 0.042410333 13.951981 0 4
spring 51.0 50.0 1.2814748 16.995178 0 5
spring 51.0 50.0 0.7474242 1.1062112 0 6
spring 51.0 50.0 0.083472215 5.526944 0 7
spring 51.0 50.0 0.081898935 -9.137547 0 8
spring 80.0 38.27 0.11486649 2.390439 1 2
spring 80.0 38.27 -0.34983143 1.1752834 2 3
spring 80.0 38.27 -0.049767345 -7.8365746 3 4
spring 80.0 38.27 -0.082904875 15.085118 4 5
spring 80.0 38.27 -0.032804884 4.941008 5 6
spring 80.0 38.27 0.008249041 -5.6503224 6 7
spring 80.0 38.27 0.25612298 -5.1255474 7 8
spring 80.0 38.27 -0.046325423 10.223806 8 1
createCreature
