creature
gravity -80.0
springDampeningConst -0.3
viscousDampeningConst 1.0
floorFriction 0.5
ballRadius 10.0
massBall 200.0 200.0 25.0
massBall 200.0 150.0 25.0
massBall 235.36 164.64 25.0
massBall 250.0 200.0 25.0
massBall 235.36 235.36 25.0
massBall 200.0 250.0 25.0
massBall 164.64 235.36 25.0
massBall 150.0 200.0 25.0
massBall 164.64 164.64 25.0
spring 51.0 50.0 1.0361768 1.5445621 1 0
spring 51.0 50.0 0.76944107 1.6697571 2 0
spring 51.0 50.0 0.32531923 -4.502294 3 0
spring 51.0 50.0 0.22618645 12.894834 4 0
spring 51.0 50.0 0.9702429 4.815071 5 0
spring 51.0 50.0 0.7879276 13.285156 6 0
spring 51.0 50.0 0.11614414 1.834774 7 0
spring 51.0 50.0 -0.009120122 3.130416 8 0
spring 80.0 38.27 0.1745303 4.4995193 2 1
spring 80.0 38.27 0.05390808 7.4688544 3 2
spring 80.0 38.27 0.0 -0.5547886 4 3
spring 80.0 38.27 -0.046736598 -4.2950797 5 4
spring 80.0 38.27 0.04282053 -5.587897 6 5
spring 80.0 38.27 0.16452295 -6.884724 7 6
spring 80.0 38.27 -0.044493485 8.345606 8 7
spring 80.0 38.27 -0.026892468 8.109945 1 8
createCreature
